previewType: null
components:
  CORE:
    "@class": ObjectComponentCore
    _lastScale: 0.4781963
    _lastRotation: 0
    locked: false
    keywords: []
    rotation: 0
    scale: 0.7130125
    pivot_x: 0.5
    pivot_y: 0.5
    sublayer: Objects
    sprite_invisible_to_players: true
    height: 0.8
    hasShadow: false
    disabled: false
    properties: null
  e49ba371-6673-4c10-9c65-25d228b5f825:
    "@class": ObjectComponentParticleSystem
    image: ae67afec-58db-4654-86e9-8a19810ced1c
    rate: 36.32416
    lifetime: 1
    speed: 0
    verticalSpeed: 0.9999542
    opacity: 1
    fadein: 0.2000031
    fadeout: 0.3672592
    birthColor:
      r: 1.003065
      g: 0.4794481
      b: 0.1230319
      a: 1
    deathColor:
      r: 1.003065
      g: 0.7928597
      b: 0.2523337
      a: 1
    birthSize: 0.8543167
    deathSize: 2
    producerShape: Mesh
    shape:
      "@class": MapPath
      points:
      - x: -0.4085954
        y: 0.4412872
      - x: -0.6635587
        y: 0.06537865
      - x: -0.6243334
        y: -0.1732422
      - x: -0.4935831
        y: -0.4118631
      - x: -0.196125
        y: -0.5818376
      - x: 0.1863209
        y: -0.5851063
      - x: 0.4837791
        y: -0.4249378
      - x: 0.6145284
        y: -0.1765109
      - x: 0.5654972
        y: 0.08499175
      - x: 0.3464904
        y: 0.3007298
      - x: 0.08172007
        y: 0.4347498
      - x: -0.4085954
        y: 0.4576316
      closed: true
    shapeUpdate: 2
    producerRadius: 1
    producerRotate: 0
    producerArc: 360
    producerScale:
      x: 1
      y: 1
      z: 1
    type: Lighting
    rotation:
    - 0
    - 55.4999809265137
    rotationOverLifetime: 0.0999938994646072
    position_x: 0
    position_y: 0
    rotateToVelocity: false
    worldSpace: true
    dampenSpeed: 0
    gravity:
      x: 0
      y: 0
      z: 0
    noiseStrength: 0
    noiseFrequency: 0
    noiseScroll: 3
    disabled: false
    properties: null
children: {}
keywords: null
imageId: 222n5ey2MAQtQm01PgSxDA==
tint:
  r: 1
  g: 1
  b: 1
  a: 1
width: 0
height: 0
description: Fire Particles (Small)
parentFolder: auras
artist: venla
ord: 6
ctime: 1760557490111
mtime: 1775374789838
hidden: false
id: ed3dfc6b-0e6d-4a2f-b833-7523e86742eb
