__typeName: CharacterResource
display:
  expended:
    bgcolor:
      __usertype: LuaColor
      h: 0.517999887466431
      s: 0.87890613079071
      v: 1.00306558609009
      a: 1
    hueshift: 0
    brightness: 0.5
    saturation: 0.5
  highlight:
    bgcolor:
      __usertype: LuaColor
      h: 0.517999887466431
      s: 0.87890613079071
      v: 1.00306558609009
      a: 1
    hueshift: 1
    brightness: 1.5
    saturation: 1
  normal:
    bgcolor:
      __usertype: LuaColor
      h: 0.517999887466431
      s: 0.87890613079071
      v: 1.00306558609009
      a: 1
    hueshift: 0
    brightness: 1
    saturation: 1
mtime: 1755928570538
iconid: 9d289048-9cae-4725-8039-97319521dac1
ctime: 1755928531227
grouping: Actions
isreaction: true
usageLimit: none
id: 5e551b7d-17fb-4099-a303-bafb3c146f98
name: Free Triggered Action
_table: characterResources
