__typeName: CharacterResource
display:
  expended:
    brightness: 0.5
    hueshift: 0
    bgcolor:
      __usertype: LuaColor
      h: 0
      s: -0.00208079814910889
      v: 1.00238585472107
      a: 1
    saturation: 0.5
  highlight:
    brightness: 1.5
    hueshift: 1
    bgcolor:
      __usertype: LuaColor
      h: 0
      s: -0.00208079814910889
      v: 1.00238585472107
      a: 1
    saturation: 1
  normal:
    brightness: 1
    hueshift: 0.428572736467634
    bgcolor:
      __usertype: LuaColor
      h: 0
      s: -0.00208079814910889
      v: 1.00238585472107
      a: 1
    saturation: 1
largeQuantity: true
mtime: 1781235109795
clearOutsideOfCombat: true
iconid: 52bb62cd-e1cd-41e0-af44-f7b2e242f9d5
ctime: 1752564333621
id: 9f418676-96be-402b-92da-0f50294146b3
usageLimit: unbounded
name: Rampage
_table: characterResources
