__typeName: CharacterResource
display:
  expended:
    bgcolor:
      __usertype: LuaColor
      h: 0.524499714374542
      s: 1.00169110298157
      v: 1.0019394159317
      a: 1
    hueshift: 0
    brightness: 0.5
    saturation: 0.5
  highlight:
    bgcolor:
      __usertype: LuaColor
      h: 0.524499714374542
      s: 1.00169110298157
      v: 1.0019394159317
      a: 1
    hueshift: 1
    brightness: 1.5
    saturation: 1
  normal:
    bgcolor:
      __usertype: LuaColor
      h: 0.524499714374542
      s: 1.00169110298157
      v: 1.0019394159317
      a: 1
    hueshift: 0
    brightness: 1
    saturation: 1
largeQuantity: true
mtime: 1711321630828
textColor: light
iconid: 12cdef25-2e5b-47e0-bccf-758198de8442
grouping: ""
ctime: 1699766706563
id: 5bd90f9b-46be-4cf2-8ca6-a96430d62949
name: Recovery
_table: characterResources
